2866.557434 313.335671
2887.087256 1110.625446
2699.100211 1838.573678
2315.627077 2446.720868
1763.249228 2892.911814
1080.256074 3146.217709
313.981900 3189.077542
-482.447421 3018.523426
-1253.818428 2646.375036
-1946.669474 2098.430990
-2512.973905 1412.673362
-2913.476955 636.637106
-3120.416780 -175.884937
-3119.448846 -968.570829
-2910.640245 -1686.473620
-2508.465054 -2279.830135
-1940.801024 -2707.510425
-1246.997164 -2939.868793
-475.146175 -2960.798753
321.249217 -2768.849495
1086.984930 -2377.326448
1768.982134 -1813.368984
2319.966535 -1116.069186
2701.745312 -333.762082
2887.854542 479.324809
2865.393610 1266.830395
2635.919450 1974.166811
2215.338623 2552.303316
1632.804709 2961.164975
928.697461 3172.410546
151.823784 3171.397032
-643.965436 2958.194687
-1403.508137 2547.582149
-2074.154770 1968.022025
-2609.417836 1259.687933
-2972.194274 471.679772
-3137.337355 -341.379758
-3093.399785 -1123.131460
-2843.427203 -1819.386315
-2404.747066 -2381.881727
-1807.767553 -2771.626959
-1093.869749 -2961.605874
-312.539215 -2938.649623
482.064226 -2704.349474
1234.860705 -2274.946511
1893.668306 -1680.205845
2412.820180 -961.353369
2756.330054 -168.218090
2900.386706 644.221893
2835.004500 1419.650328
2564.715561 2104.316511
2108.255625 2650.761141
1497.265320 3021.106081
774.096923 3189.679972
-11.121391 3144.797706
-803.983621 2889.569348
-1549.483695 2441.685424
-2195.969626 1832.194927
-2698.628673 1103.346173
-3022.617802 305.661084
-3145.478920 -505.566860
-3058.695609 -1274.105424
-2768.283467 -1946.681488
-2294.373115 -2476.673810
-1669.814802 -2827.344684
-937.901303 -2974.386507
-149.366981 -2907.606717
641.128993 -2631.634319
1378.791468 -2165.599010
2012.487580 -1541.805160
2498.291143 -803.492556
2802.527503 -1.839130
2904.107777 807.586564
2795.990682 1568.677217
2485.670617 2228.675980
1994.658171 2741.833437
1356.989064 3072.578832
616.864880 3197.985744
-174.410876 3109.361289
-961.989002 2812.848687
-1691.276608 2329.001430
-2311.721351 1691.358565
-2780.315598 944.119859
-3064.577599 139.081977
-3144.803044 -667.951924
-3015.430910 -1421.040327
-2685.428942 -2067.981082
-2177.672028 -2563.929917
-1527.356570 -2874.508934
-779.560766 -2978.189595
13.880103 -2867.785023
797.966755 -2550.948179
1518.348318 -2049.641379
2125.089797 -1398.613923
2576.133429 -642.993360
2840.214032 164.842634
2899.026216 968.896945
2748.493271 1713.434594
2399.049755 2346.846146
1874.918193 2825.225140
1212.430039 3115.411574
457.507267 3197.290470
-337.520817 3065.186195
-1117.544909 2728.255878
-1828.495745 2209.854662
-2421.092041 1545.916787
-2854.256545 782.464722
-3097.963408 -27.581000
-3135.319495 -828.070090
-2963.735379 -1563.514703
-2595.104829 -2182.935709
-2054.980369 -2643.396435
-1380.802036 -2912.978928
-619.302139 -2972.996423
176.734106 -2819.288661
952.127513 -2462.510270
1653.129805 -1927.392211
2231.149305 -1251.027493
2646.119187 -480.299980
2869.274807 331.365479
2885.147589 1127.706319
2692.637274 1853.522241
2305.088182 2458.501550
1749.364219 2900.708637
1063.986741 3149.490843
296.461558 3187.604139
-500.026681 3012.406652
-1270.223123 2636.036513
-1960.763809 2084.588578
-2523.782233 1396.287802
-2920.251406 618.845425
-3122.689103 -193.848244
-3117.062865 -985.459371
-2903.762688 -1701.115506
-2497.573990 -2291.209206
-1926.652730 -2714.836692
-1230.573699 -2942.633195
-457.587309 -2958.808450
338.725013 -2762.241227
1103.164943 -2366.557063
1782.743471 -1799.183767
2330.353960 -1099.450198
2708.037459 -315.860088
2889.613918 497.270111
2862.496924 1283.576302
2628.566158 1988.553762
2204.037099 2563.335267
1618.337010 2968.078438
912.065114 3174.727521
134.178365 3168.958132
-661.402128 2951.170192
-1419.528771 2536.460200
-2087.650174 1953.574788
-2619.453879 1242.918074
-2978.076620 453.750956
-3138.659590 -359.223530
-3090.071592 -1139.652083
-2835.680619 -1833.437400
-2393.120401 -2392.488068
-1793.068073 -2778.052132
-1077.117721 -2963.403280
-294.897182 -2935.693450
499.372026 -2696.843414
1250.633205 -2263.409645
1906.810861 -1665.436657
2422.420446 -944.374400
2761.721228 -150.205058
2901.193750 662.021592
2831.170136 1436.004087
2556.504241 2118.091949
2096.235200 2661.004602
1482.267679 3027.108735
757.160328 3191.026953
-28.824274 3141.396865
-821.203697 2881.658702
-1565.052235 2429.816846
-2208.808221 1817.191814
-2707.848145 1086.249199
-3027.579841 287.656063
-3145.840330 -523.231168
-3054.432100 -1290.203878
-2759.691334 -1960.097488
-2282.048704 -2486.476696
-1654.613169 -2832.854249
-920.876948 -2975.220145
-131.700748 -2903.705945
658.211764 -2623.268832
1394.105884 -2153.347986
2024.971325 -1526.517111
2507.078114 -786.226513
2807.007849 16.208767
2903.970172 825.165976
2791.243904 1584.570282
2476.642939 2241.781729
1981.974609 2751.244110
1341.528049 3077.642801
599.697369 3198.352686
-192.095636 3105.006465
-978.965910 2804.074659
-1706.369628 2316.417087
-2323.885035 1675.836920
-2788.707551 926.737528
-3068.616873 121.044556
-3144.210407 -685.393430
-3010.248204 -1436.676222
-2676.016178 -2080.726828
-2164.682436 -2572.901315
-1511.691316 -2879.083414
-762.306485 -2978.049368
31.526627 -2862.939112
814.781550 -2541.731793
1533.165067 -2036.692678
2136.880678 -1382.829781
2584.080369 -625.467196
2843.765408 182.896649
2897.935095 986.228049
2742.834528 1728.842137
2389.214877 2359.262813
1861.588149 2833.790936
1196.528072 3119.533437
440.134900 3196.683381
-355.160136 3059.892933
-1134.229230 2718.644054
-1843.069313 2196.591240
-2432.545415 1529.921851
-2861.796567 764.847696
-3101.068183 -45.598252
-3133.774569 -845.237962
-2957.648603 -1578.642465
-2584.898884 -2194.974046
-2041.363464 -2651.510184
-1364.718822 -2916.604968
-601.868223 -2971.882709
194.309489 -2813.511697
968.625322 -2452.469802
1667.405694 -1913.783523
2242.212946 -1234.793206
2653.202916 -462.564716
2871.886836 349.373052
2883.106100 1144.738661
2686.083016 1868.399410
2294.474719 2470.192996
1735.426488 2908.404635
1047.690111 3152.658624
278.937703 3186.023903
-517.542793 3006.187678
-1286.541399 2625.615733
-1974.753106 2070.688339
-2534.472850 1379.871636
-2926.902296 601.051262
-3124.839244 -211.786955
-3114.563213 -1002.299161
-2896.786512 -1715.689079
-2486.604862 -2302.506357
-1912.450999 -2722.074327
-1214.123795 -2945.309617
-440.029494 -2956.738131
356.173675 -2755.567675
1119.294957 -2355.742866
1796.436745 -1784.978534
2340.661313 -1082.838595
2714.244411 -297.993586
2891.290220 515.153056
2859.526380 1300.236094
2621.154678 2002.835592
2192.698428 2574.249156
1603.857116 2974.867870
895.447707 3176.921872
116.575321 3166.405300
-678.770612 2944.047135
-1435.458755 2525.260675
-2101.037432 1939.075120
-2629.370441 1226.123348
-2983.835094 435.825341
-3139.860814 -377.037472
-3086.632300 -1156.119531
-2827.839213 -1847.416870
-2381.420427 -2403.010535
-1778.320543 -2784.388201
-1060.344896 -2965.113749
-277.261710 -2932.659749
516.647700 -2689.275829
1266.351576 -2251.832736
1919.882372 -1650.652902
2431.939013 -927.408569
2767.027050 -132.233174
2901.919041 679.753768
2827.264620 1452.267410
2548.238640 2131.759091
2084.182464 2671.128195
1467.263273 3032.987042
740.244320 3192.252507
-46.479311 3137.884718
-838.373960 2873.652312
-1580.547526 2417.871198
-2221.554445 1802.134954
-2716.961766 1069.124832
-3032.429126 269.651212
-3146.089140 -540.868451
-3050.063187 -1306.251017
-2751.007539 -1973.442134
-2269.651965 -2496.193829
-1639.362797 -2838.270297
-903.830058 -2975.959679
-114.038987 -2899.717699
675.264129 -2614.829257
1409.366827 -2141.042087
2037.382997 -1511.197898
2515.780170 -768.955871
2811.397085 34.233684
2903.742338 842.695733
2786.414793 1600.389763
2467.547294 2254.794373
1969.242915 2760.547917
1326.042836 3082.592860
582.532032 3198.605874
-209.751239 3100.545235
-995.887938 2795.208257
-1721.385089 2303.760113
-2335.953096 1660.266726
-2796.991685 909.333403
-3072.542844 103.012913
-3143.506077 -702.802680
-3004.962394 -1452.256310
-2666.515288 -2093.397780
-2151.625041 -2581.784809
-1495.982522 -2883.563664
-745.035185 -2977.815812
49.163232 -2858.007936
831.560936 -2532.444810
1547.924129 -2023.693634
2148.596358 -1367.019732
2591.940566 -607.942050
2847.225274 200.922096
2896.754801 1003.504324
2737.095888 1744.171697
2379.315681 2371.583055
1848.214584 2842.247858
1180.607158 3123.540830
422.770236 3195.963466
-372.770636 3054.494421
-1150.882219 2708.928732
-1857.585868 2183.239582
-2443.919461 1513.859523
-2869.239859 747.188261
-3104.064947 -63.630524
-3132.117252 -862.392956
-2951.452261 -1593.730878
-2574.593207 -2206.949824
-2027.662991 -2659.543033
-1348.573408 -2920.137908
-584.397203 -2970.670683
211.894893 -2807.638554
985.105961 -2442.342492
1681.638997 -1900.103879
2253.212121 -1218.509304
2660.205354 -444.805150
2874.406970 367.377399
2880.969066 1161.739936
2679.436773 1883.219293
2283.779791 2481.804375
1721.424046 2916.002802
1031.350592 3155.717057
261.393546 3184.330763
-535.096455 2999.856195
-1302.867272 2615.084647
-1988.719887 2056.687972
-2545.112761 1363.372793
-2933.478169 583.197936
-3126.895620 -229.756883
-3111.957914 -1019.139726
-2889.700493 -1730.232602
-2475.529671 -2313.744382
-1898.154704 -2729.227529
-1197.597741 -2947.881819
-422.419590 -2954.550699
373.646394 -2748.771900
1135.418963 -2344.809480
1810.094000 -1770.665076
2350.904767 -1066.136902
2720.363651 -280.061040
2892.860712 533.073751
2856.438899 1316.903057
2613.622876 2017.093847
2181.244027 2585.110693
1589.273741 2981.580130
878.745877 3179.019914
98.912401 3163.744027
-696.179006 2936.804013
-1451.409047 2513.927622
-2114.411203 1924.447962
-2639.240468 1209.215836
-2989.517026 417.809294
-3140.960607 -394.913394
-3083.073531 -1172.616383
-2819.868381 -1861.391298
-2369.589862 -2413.494034
-1763.450122 -2790.654249
-1043.465211 -2966.728166
-259.542630 -2929.510793
533.978120 -2681.581944
1282.092224 -2240.127410
1932.942333 -1635.747685
2441.413192 -910.336817
2772.258907 -114.178425
2902.546106 697.539840
2823.243612 1468.551753
2539.848473 2145.412750
2072.004910 2681.204566
1452.142635 3038.787492
723.228910 3193.374797
-64.209842 3134.250887
-855.606354 2865.499700
-1596.070217 2405.773280
-2234.290895 1786.929834
-2726.028572 1051.865998
-3037.197257 251.534508
-3146.227535 -558.587713
-3045.561709 -1322.345075
-2742.177674 -1986.795882
-2257.105232 -2505.882111
-1623.968358 -2843.622039
-886.654472 -2976.604403
-96.272276 -2895.611208
692.390966 -2606.256694
1424.667148 -2128.598173
2049.796766 -1495.745705
2524.447442 -751.566997
2815.717612 52.353395
2903.417176 860.289776
2781.467027 1616.238073
2458.320434 2267.797893
1956.377089 2769.804784
1310.430414 3087.460920
565.255772 3198.747193
-227.493246 3095.949526
-1012.893735 2786.183236
-1736.445451 2290.935660
-2348.023907 1644.531647
-2805.236055 891.778263
-3076.389126 84.854437
-3142.687485 -720.305944
-2999.535500 -1467.891234
-2656.856099 -2106.080741
-2138.402938 -2590.636808
-1480.113856 -2887.971256
-727.619760 -2977.473625
66.918394 -2852.939841
848.425264 -2523.002266
1562.728801 -2010.531325
2160.315323 -1351.050187
2599.761666 -590.272389
2850.606541 219.066908
2895.462026 1020.866382
2731.218853 1759.547356
2369.261937 2383.906364
1834.681202 2850.664444
1164.532408 3127.467126
405.268548 3195.127159
-390.480160 3048.954526
-1167.566733 2699.082222
-1872.110401 2169.759444
-2455.266922 1497.680080
-2876.624130 729.431452
-3106.974626 -81.733421
-3130.351108 -879.586673
-2945.133176 -1608.823169
-2564.159662 -2218.894109
-2013.838670 -2667.510944
-1332.317037 -2923.576708
-566.836090 -2969.341581
229.543000 -2801.633260
1001.617281 -2432.076855
1695.868549 -1886.289065
2264.173092 -1202.102499
2667.137498 -426.943211
2876.829312 385.456751
2878.713236 1178.783908
2672.658682 1898.046862
2272.948820 2493.388153
1707.290511 2923.540253
1014.893736 3158.686126
243.753657 3182.526063
-552.676276 2993.407543
-1319.189589 2604.439774
-2002.653549 2042.585004
-2555.692192 1346.789561
-2939.970300 565.284197
-3128.850704 -247.759144
-3109.240698 -1035.982389
-2882.499599 -1744.747927
-2464.344516 -2324.925954
-1883.760884 -2736.300020
-1180.993269 -2950.354733
-404.755714 -2952.252370
391.144989 -2741.861392
1151.539048 -2333.765561
1823.717904 -1756.253033
2361.087845 -1049.355490
2726.399768 -262.073254
2894.331191 551.021293
2853.241539 1333.566529
2605.979041 2031.318429
2169.683297 2595.910624
1574.597206 2988.207036
861.970608 3181.014685
81.200945 3160.968641
-713.590837 2929.458445
-1467.312393 2502.529572
-2127.716287 1909.779573
-2649.025761 1192.294564
-2995.104981 399.808761
-3141.964626 -412.744756
-3079.424763 -1189.041865
-2811.820493 -1875.271647
-2357.701458 -2423.866418
-1748.546022 -2796.798997
-1026.579272 -2968.218658
-241.846088 -2926.243030
551.257843 -2673.781756
1297.756596 -2228.334804
1945.904796 -1620.779411
2450.774476 -893.229755
2777.369368 -96.117710
2903.050754 715.302967
2819.106722 1484.786681
2531.356059 2158.994798
2059.744899 2691.192944
1436.964115 3044.490513
706.183272 3194.397825
-81.941783 3130.523691
-872.780246 2857.295703
-1611.513228 2393.653322
-2246.933659 1771.735047
-2734.995826 1034.650654
-3041.868517 233.492940
-3146.280104 -576.203903
-3040.993045 -1338.313769
-2733.305568 -2000.009163
-2244.545777 -2515.423061
-1608.593246 -2848.828295
-869.530568 -2977.114073
-78.587669 -2891.387955
709.409324 -2597.592254
1439.838484 -2116.092134
2062.068341 -1480.263946
2532.967519 -734.181666
2819.894499 70.438200
2902.960240 877.821471
2776.406838 1632.002414
2449.006650 2280.703145
1943.454215 2778.957397
1294.793128 3092.227465
547.986908 3198.798275
-245.197758 3091.282612
-1029.779347 2777.133186
-1751.372682 2278.126027
-2359.958767 1628.851031
-2813.351979 874.314270
-3080.124267 66.818295
-3141.783661 -737.663350
-2994.056091 -1483.366064
-2647.181652 -2118.599653
-2125.204788 -2599.331357
-1464.307593 -2892.238089
-710.301762 -2977.016309
84.546959 -2847.789409
865.141700 -2513.515065
1577.373641 -1997.364315
2171.872695 -1335.115405
2607.429715 -572.673725
2853.853009 237.110226
2894.061147 1038.104307
2725.267005 1774.785666
2359.170958 2396.089446
1821.149844 2858.948465
1148.497903 3131.278527
387.841637 3194.202412
-408.091278 3043.358473
-1184.144615 2689.190639
-1886.506515 2156.253957
-2466.479161 1481.508659
-2883.874957 711.714758
-3109.761098 -99.767613
-3128.479738 -896.688580
-2938.733350 -1623.807632
-2553.674664 -2230.722744
-1999.994959 -2675.364121
-1316.073888 -2926.910365
-549.319103 -2967.924939
247.119927 -2795.564817
1018.036096 -2421.777561
1709.991476 -1872.473142
2275.021500 -1185.727931
2673.959738 -409.145342
2879.152819 403.443918
2876.377284 1195.713248
2665.825527 1912.744575
2262.092455 2504.835132
1693.163805 2930.942722
998.476250 3161.530664
226.183744 3180.615193
-570.180381 2986.873421
-1335.438928 2593.717270
-2016.494312 2028.428605
-2566.164655 1330.180267
-2946.348222 547.373036
-3130.691666 -265.730902
-3106.416772 -1052.769271
-2875.206215 -1759.186597
-2453.086915 -2336.015844
-1869.319097 -2743.272693
-1164.368046 -2952.727146
-387.099155 -2949.860359
408.609293 -2734.871050
1167.600835 -2322.661726
1837.264128 -1741.805679
2371.179835 -1032.566356
2732.338292 -244.106405
2895.704921 568.920158
2849.955570 1350.156420
2598.261464 2045.449092
2158.069393 2606.602273
1559.892339 2994.718268
845.194398 3182.893873
63.516593 3158.085241
-730.957179 2922.012040
-1483.189863 2491.005165
-2140.966354 1894.997478
-2658.729492 1175.279013
-3000.589267 381.738803
-3142.848839 -430.616984
-3075.647139 -1205.477933
-2803.642417 -1889.132674
-2345.689341 -2434.192018
-1733.532041 -2802.873852
-1009.603686 -2969.622100
-224.085129 -2922.878202
568.573502 -2665.882326
1313.427149 -2216.448764
1958.844473 -1605.731098
2460.086804 -876.062704
2782.409311 -78.022323
2903.469428 733.071940
2814.875579 1500.997113
2522.768860 2172.522598
2047.397359 2701.099975
1421.712607 3050.089619
689.085461 3195.300465
-99.700249 3126.666871
-889.967923 2848.946341
-1626.938240 2381.389749
-2259.526311 1756.406917
-2743.882757 1017.320048
-3046.433235 215.360745
-3146.205724 -593.881234
-3036.284251 -1354.311317
-2724.288289 -2013.218443
-2231.844597 -2524.928865
-1593.088106 -2853.972132
-852.295773 -2977.539811
-60.817419 -2887.066508
726.483713 -2588.823599
1455.033931 -2103.484518
2074.332007 -1464.691723
2541.449792 -716.724687
2824.007880 88.569437
2902.420072 895.369729
2771.251035 1647.750867
2439.593071 2293.559725
1930.435857 2788.030493
1279.072862 3096.887729
530.654894 3198.722242
-262.939638 3086.475128
-1046.721816 2767.911562
-1766.323542 2265.132840
-2371.875120 1612.990302
-2821.407122 856.684799
-3083.759144 48.641483
-3140.745620 -755.128160
-2988.416393 -1498.908883
-2637.330534 -2131.143720
-2111.824411 -2608.007776
-1448.324759 -2896.446061
-692.823666 -2976.464774
102.309472 -2842.517225
881.958072 -2503.888314
1592.078897 -1984.050926
2183.448196 -1319.038854
2615.073771 -554.949025
2857.036446 255.253818
2892.563990 1055.408496
2719.193725 1790.050344
2348.943233 2408.255877
1807.477326 2867.172677
1132.329028 3134.989811
370.297883 3193.142884
-425.794068 3037.600876
-1200.763779 2679.145558
-1900.893649 2142.622602
-2477.649626 1465.225081
-2891.053997 693.907289
-3112.450635 -117.865007
-3126.492895 -913.821837
-2932.207402 -1638.789520
-2543.061528 -2242.515159
-1986.029864 -2683.150046
-1299.724413 -2930.150503
-531.718104 -2966.395093
264.752839 -2789.371436
1034.479098 -2411.350355
1724.105229 -1858.535301
2285.828120 -1169.245993
2680.710585 -391.262194
2881.380387 421.488259
2873.927610 1212.667592
2658.868862 1927.433289
2251.111463 2516.239629
1678.920107 2938.272070
981.957628 3164.276408
